data/gis/ssrd_dem_90m.txt
ncols         1321
nrows         361
xllcorner     -114.6004165456
yllcorner     38.799583430181
cellsize      0.00083333333333333
NODATA_value  -9999
[rows 38 to 75 of 361, columns 672 to 755 of 1321]
1559 1560 1558 1556 1554 1554 1553 1553 1553 1552 1551 1552 1551 1549 1550 1549 1549 1549 1549 1547 1546 1546 1545 1543 1543 1546 1547 1545 1545 1544 1542 1543 1541 1541 1541 1542 1541 1542 1540 1540 1540 1540 1538 1537 1538 1538 1539 1539 1537 1536 1536 1536 1537 1535 1536 1535 1535 1534 1534 1535 1535 1534 1533 1533 1533 1532 1532 1532 1532 1531 1531 1532 1532 1531 1530 1529 1530 1529 1529 1529 1530 1530 1528 1529
1557 1558 1555 1555 1554 1552 1553 1553 1553 1551 1551 1553 1552 1550 1551 1551 1550 1550 1547 1548 1547 1546 1546 1545 1546 1547 1546 1545 1544 1544 1544 1544 1543 1542 1541 1543 1542 1541 1541 1540 1541 1541 1538 1537 1538 1537 1538 1538 1538 1537 1537 1536 1536 1535 1537 1537 1535 1535 1533 1533 1536 1534 1533 1534 1533 1532 1533 1533 1534 1532 1531 1531 1531 1532 1533 1532 1531 1529 1529 1529 1529 1529 1529 1529
1557 1556 1557 1556 1554 1553 1552 1552 1552 1553 1552 1552 1551 1551 1550 1550 1549 1549 1548 1548 1548 1547 1547 1546 1546 1546 1545 1546 1544 1543 1544 1545 1545 1543 1542 1542 1541 1541 1541 1539 1539 1540 1540 1540 1541 1539 1539 1539 1538 1537 1534 1536 1536 1537 1538 1535 1535 1536 1535 1536 1537 1534 1533 1533 1532 1533 1533 1535 1535 1535 1532 1533 1531 1531 1531 1531 1528 1529 1530 1530 1529 1529 1529 1529
1556 1557 1558 1556 1555 1554 1554 1553 1551 1551 1551 1552 1550 1550 1551 1550 1548 1548 1548 1548 1549 1547 1546 1548 1548 1545 1546 1545 1545 1544 1543 1546 1544 1544 1542 1541 1542 1543 1542 1541 1539 1541 1538 1541 1542 1543 1540 1540 1537 1537 1538 1536 1536 1538 1536 1535 1537 1536 1535 1534 1536 1534 1535 1534 1534 1535 1535 1535 1534 1531 1533 1534 1531 1532 1532 1533 1530 1530 1531 1531 1529 1529 1528 1528
1556 1556 1556 1554 1555 1555 1553 1553 1551 1551 1551 1552 1551 1551 1550 1550 1549 1549 1549 1548 1549 1547 1545 1547 1548 1547 1547 1544 1543 1544 1545 1546 1544 1544 1543 1541 1542 1542 1542 1541 1541 1540 1538 1540 1541 1541 1538 1539 1537 1538 1539 1538 1537 1538 1537 1536 1538 1536 1536 1537 1537 1537 1538 1535 1535 1535 1535 1535 1534 1534 1533 1533 1531 1531 1532 1532 1531 1530 1531 1531 1528 1528 1529 1529
1556 1556 1556 1555 1554 1554 1554 1553 1551 1552 1551 1551 1552 1551 1550 1548 1549 1550 1549 1548 1548 1548 1547 1547 1547 1548 1547 1544 1544 1545 1544 1543 1542 1543 1544 1544 1543 1542 1542 1541 1540 1541 1541 1539 1541 1540 1539 1540 1538 1539 1540 1539 1540 1539 1537 1535 1536 1538 1538 1538 1536 1535 1535 1536 1537 1537 1535 1534 1535 1534 1534 1534 1533 1532 1531 1531 1530 1531 1531 1531 1528 1528 1529 1530
1556 1555 1555 1555 1556 1553 1554 1553 1552 1551 1550 1552 1551 1550 1550 1550 1550 1549 1550 1548 1546 1547 1545 1546 1547 1547 1546 1544 1544 1544 1543 1544 1544 1542 1543 1543 1543 1542 1543 1541 1542 1542 1540 1540 1539 1540 1539 1540 1539 1538 1538 1539 1539 1538 1538 1538 1537 1536 1536 1538 1537 1536 1535 1535 1537 1537 1537 1536 1535 1534 1532 1532 1531 1532 1532 1531 1532 1532 1530 1531 1531 1531 1531 1532
1556 1555 1556 1556 1556 1555 1553 1553 1553 1552 1551 1551 1549 1550 1550 1550 1550 1551 1551 1549 1547 1546 1546 1547 1547 1548 1546 1545 1546 1544 1545 1545 1543 1543 1544 1543 1544 1543 1542 1542 1542 1541 1542 1541 1540 1540 1540 1540 1539 1538 1540 1541 1540 1537 1538 1538 1535 1536 1537 1537 1537 1536 1534 1535 1535 1536 1535 1536 1536 1534 1534 1533 1531 1531 1531 1531 1531 1530 1530 1532 1533 1531 1531 1531
1556 1557 1557 1557 1555 1554 1553 1554 1554 1552 1553 1551 1551 1552 1551 1552 1550 1551 1550 1549 1549 1550 1549 1548 1547 1546 1544 1546 1547 1544 1544 1545 1545 1542 1546 1545 1542 1543 1542 1543 1543 1543 1541 1541 1542 1540 1540 1540 1538 1538 1538 1538 1538 1536 1538 1538 1536 1537 1537 1538 1535 1537 1536 1536 1536 1537 1538 1536 1537 1536 1537 1534 1533 1533 1530 1531 1530 1530 1529 1531 1532 1531 1531 1530
1557 1556 1557 1556 1553 1556 1554 1553 1552 1553 1554 1552 1551 1552 1552 1549 1550 1550 1550 1550 1549 1550 1550 1547 1546 1546 1547 1548 1546 1545 1543 1545 1546 1545 1546 1543 1544 1544 1542 1542 1543 1542 1542 1543 1542 1540 1540 1539 1538 1539 1538 1536 1537 1537 1536 1538 1538 1537 1538 1536 1534 1536 1536 1537 1536 1537 1536 1535 1537 1537 1537 1535 1533 1531 1532 1532 1533 1533 1531 1530 1531 1532 1531 1531
1559 1558 1556 1556 1553 1553 1554 1554 1552 1552 1553 1552 1551 1550 1551 1550 1551 1550 1549 1549 1550 1549 1548 1548 1548 1549 1548 1549 1546 1546 1546 1546 1546 1546 1546 1545 1547 1544 1542 1544 1543 1542 1542 1541 1541 1540 1540 1540 1540 1538 1539 1540 1539 1536 1537 1540 1538 1537 1538 1537 1536 1537 1537 1539 1537 1537 1536 1537 1537 1537 1535 1535 1533 1531 1533 1533 1532 1531 1530 1530 1530 1531 1533 1532
1559 1556 1556 1556 1555 1554 1553 1553 1553 1552 1552 1551 1552 1552 1553 1552 1550 1551 1551 1551 1549 1548 1548 1549 1549 1548 1547 1548 1546 1548 1547 1546 1546 1545 1543 1543 1544 1544 1544 1543 1543 1542 1544 1542 1542 1541 1541 1541 1539 1538 1539 1541 1540 1537 1538 1541 1537 1537 1538 1539 1538 1538 1538 1538 1538 1537 1536 1536 1534 1533 1533 1534 1533 1533 1535 1531 1532 1531 1531 1530 1530 1531 1532 1532
1558 1557 1557 1555 1554 1554 1553 1553 1553 1553 1553 1552 1550 1551 1551 1551 1552 1551 1552 1551 1550 1549 1548 1548 1548 1547 1547 1545 1545 1547 1547 1546 1546 1545 1544 1545 1545 1545 1545 1542 1541 1541 1542 1544 1543 1542 1539 1539 1540 1540 1539 1538 1538 1537 1538 1540 1539 1538 1540 1539 1538 1538 1535 1535 1535 1537 1537 1536 1538 1535 1534 1534 1533 1532 1533 1533 1533 1531 1531 1532 1531 1532 1533 1532
1558 1558 1557 1556 1556 1555 1553 1554 1552 1552 1553 1553 1552 1552 1551 1551 1552 1552 1550 1551 1551 1549 1548 1547 1548 1548 1548 1547 1545 1547 1548 1549 1546 1544 1544 1544 1545 1543 1544 1544 1543 1543 1543 1542 1542 1542 1540 1542 1540 1539 1537 1536 1537 1536 1540 1539 1537 1540 1538 1540 1540 1540 1538 1537 1538 1538 1536 1536 1534 1534 1534 1534 1533 1532 1533 1533 1534 1534 1533 1533 1531 1532 1533 1532
1558 1557 1555 1556 1555 1556 1554 1553 1553 1553 1553 1553 1552 1553 1552 1552 1551 1551 1550 1550 1551 1550 1550 1551 1549 1551 1549 1547 1546 1546 1546 1545 1543 1543 1542 1543 1545 1542 1543 1545 1545 1544 1544 1543 1540 1540 1541 1541 1540 1539 1539 1536 1536 1536 1539 1538 1538 1540 1539 1538 1540 1540 1539 1537 1536 1536 1536 1534 1535 1536 1534 1533 1533 1533 1533 1533 1533 1533 1534 1533 1533 1533 1532 1535
1557 1557 1556 1558 1558 1556 1553 1553 1553 1552 1551 1552 1554 1555 1553 1552 1552 1550 1550 1550 1551 1551 1549 1549 1548 1549 1548 1547 1547 1547 1546 1545 1545 1544 1545 1544 1544 1544 1543 1544 1544 1544 1544 1543 1543 1542 1543 1542 1541 1539 1539 1538 1536 1536 1536 1537 1538 1539 1540 1539 1539 1538 1537 1538 1537 1536 1535 1534 1533 1535 1534 1533 1535 1536 1535 1533 1533 1532 1534 1534 1534 1533 1533 1533
1559 1558 1557 1557 1555 1555 1554 1554 1555 1553 1553 1553 1553 1552 1551 1551 1550 1551 1549 1550 1550 1550 1550 1550 1550 1549 1548 1549 1549 1547 1546 1547 1546 1544 1543 1544 1544 1543 1542 1541 1544 1545 1545 1545 1544 1543 1543 1541 1540 1541 1540 1539 1538 1536 1536 1538 1537 1539 1540 1538 1536 1537 1536 1536 1536 1535 1536 1535 1534 1536 1533 1534 1535 1535 1535 1533 1533 1533 1534 1535 1533 1533 1534 1534
1561 1558 1559 1557 1556 1556 1556 1554 1555 1553 1551 1552 1551 1549 1549 1550 1549 1549 1549 1548 1549 1549 1550 1550 1549 1549 1549 1548 1548 1546 1548 1548 1545 1545 1544 1544 1543 1542 1541 1541 1542 1544 1543 1542 1542 1541 1543 1542 1540 1538 1539 1538 1537 1538 1537 1537 1537 1539 1537 1536 1535 1536 1535 1536 1534 1533 1535 1535 1535 1534 1534 1534 1533 1535 1537 1535 1536 1534 1534 1534 1533 1534 1536 1534
1560 1559 1559 1558 1555 1555 1557 1555 1554 1555 1552 1551 1551 1550 1550 1551 1551 1549 1549 1549 1548 1549 1549 1549 1549 1548 1548 1548 1547 1547 1547 1546 1546 1546 1544 1544 1543 1543 1543 1542 1542 1541 1542 1544 1544 1544 1545 1542 1543 1540 1538 1537 1538 1537 1536 1536 1538 1536 1536 1536 1537 1537 1536 1536 1535 1535 1536 1534 1535 1536 1535 1534 1534 1535 1537 1537 1535 1535 1534 1532 1534 1535 1534 1534
1560 1558 1557 1556 1557 1555 1556 1555 1554 1555 1554 1553 1553 1551 1550 1552 1551 1552 1551 1550 1546 1546 1549 1548 1548 1548 1547 1548 1548 1547 1546 1548 1548 1548 1546 1545 1543 1542 1542 1542 1540 1541 1540 1542 1543 1544 1544 1542 1540 1539 1538 1539 1539 1539 1539 1538 1537 1536 1538 1537 1535 1535 1536 1536 1536 1536 1535 1534 1535 1536 1535 1534 1534 1535 1536 1536 1536 1535 1534 1534 1534 1533 1535 1533
1557 1557 1557 1556 1554 1553 1555 1555 1553 1553 1552 1553 1554 1554 1550 1551 1550 1550 1550 1550 1548 1547 1548 1547 1547 1547 1547 1547 1547 1545 1548 1548 1547 1546 1546 1545 1542 1540 1540 1540 1540 1541 1542 1540 1539 1542 1542 1540 1539 1538 1539 1539 1539 1540 1538 1538 1538 1538 1538 1537 1537 1537 1537 1537 1537 1536 1535 1536 1536 1537 1537 1535 1535 1537 1536 1536 1536 1535 1534 1534 1534 1534 1535 1534
1558 1557 1556 1556 1556 1554 1557 1554 1554 1555 1554 1555 1556 1554 1553 1551 1549 1548 1551 1551 1548 1547 1547 1546 1546 1549 1548 1546 1545 1545 1546 1547 1546 1545 1544 1544 1543 1543 1542 1542 1540 1541 1543 1541 1541 1541 1540 1540 1538 1538 1539 1538 1539 1540 1538 1538 1537 1537 1538 1538 1537 1537 1537 1538 1537 1534 1536 1537 1536 1535 1536 1536 1536 1537 1536 1536 1536 1536 1536 1535 1534 1534 1535 1535
1557 1555 1557 1557 1556 1556 1557 1557 1556 1554 1554 1554 1553 1553 1552 1552 1551 1551 1552 1550 1549 1548 1548 1549 1546 1547 1546 1544 1544 1546 1546 1546 1545 1544 1544 1544 1544 1544 1542 1542 1541 1543 1543 1541 1541 1542 1541 1539 1539 1538 1538 1540 1541 1540 1538 1538 1538 1537 1537 1537 1537 1537 1537 1538 1537 1535 1536 1536 1537 1536 1536 1535 1537 1535 1536 1536 1537 1537 1535 1536 1535 1535 1536 1535
1556 1557 1558 1558 1557 1556 1557 1554 1554 1555 1554 1554 1554 1554 1552 1552 1552 1551 1553 1551 1548 1550 1550 1550 1547 1545 1545 1546 1545 1546 1545 1544 1544 1543 1545 1543 1543 1542 1542 1541 1540 1542 1541 1541 1540 1540 1540 1541 1541 1540 1538 1538 1539 1540 1539 1538 1537 1536 1537 1536 1537 1536 1537 1537 1537 1537 1537 1537 1535 1536 1536 1536 1534 1535 1536 1538 1537 1536 1535 1535 1536 1535 1536 1536
1558 1559 1558 1558 1559 1557 1557 1555 1558 1558 1556 1556 1555 1554 1553 1552 1552 1551 1552 1550 1550 1550 1549 1550 1549 1548 1547 1546 1544 1545 1544 1544 1546 1544 1544 1544 1542 1543 1542 1543 1543 1542 1539 1540 1540 1539 1539 1540 1541 1540 1540 1538 1540 1538 1539 1539 1538 1538 1536 1537 1539 1538 1537 1538 1539 1537 1536 1537 1537 1537 1537 1537 1533 1536 1539 1536 1537 1535 1535 1535 1536 1536 1535 1535
1558 1558 1557 1559 1558 1556 1557 1556 1556 1558 1557 1556 1553 1554 1554 1552 1552 1551 1552 1552 1551 1550 1549 1549 1549 1550 1548 1546 1545 1544 1545 1544 1545 1543 1544 1544 1543 1544 1542 1541 1542 1542 1540 1541 1543 1542 1540 1541 1540 1539 1539 1540 1538 1539 1540 1538 1537 1538 1537 1537 1539 1539 1537 1540 1540 1537 1537 1537 1539 1538 1537 1537 1537 1537 1536 1537 1537 1536 1537 1537 1535 1536 1537 1536
1558 1559 1558 1558 1557 1557 1557 1556 1557 1558 1554 1555 1553 1555 1555 1552 1552 1552 1553 1552 1549 1550 1550 1549 1546 1546 1547 1546 1546 1545 1544 1544 1544 1543 1543 1545 1543 1543 1543 1542 1541 1541 1539 1542 1540 1541 1540 1541 1540 1541 1541 1539 1539 1540 1541 1539 1537 1540 1539 1539 1540 1539 1540 1538 1536 1536 1537 1538 1538 1538 1537 1539 1540 1538 1539 1538 1537 1535 1537 1537 1536 1535 1536 1537
1559 1559 1560 1558 1558 1557 1558 1556 1557 1558 1555 1554 1556 1556 1557 1554 1554 1554 1553 1553 1553 1552 1549 1548 1546 1547 1545 1545 1545 1544 1543 1543 1543 1543 1545 1544 1542 1542 1543 1543 1541 1541 1540 1541 1541 1539 1541 1539 1540 1540 1539 1540 1540 1539 1538 1538 1539 1540 1539 1539 1539 1540 1539 1538 1538 1538 1539 1539 1538 1536 1537 1539 1538 1537 1536 1537 1537 1535 1536 1538 1538 1537 1537 1536
1559 1559 1557 1558 1558 1559 1559 1557 1557 1556 1557 1557 1555 1554 1556 1554 1555 1554 1552 1553 1551 1550 1549 1549 1547 1547 1545 1544 1545 1545 1543 1543 1541 1543 1544 1544 1544 1544 1543 1543 1542 1542 1542 1543 1542 1539 1541 1541 1539 1539 1539 1540 1540 1539 1539 1539 1539 1540 1539 1541 1540 1540 1540 1537 1538 1537 1538 1539 1539 1537 1538 1536 1538 1538 1538 1540 1540 1538 1537 1538 1539 1536 1536 1537
1558 1560 1559 1558 1558 1558 1557 1556 1556 1553 1555 1555 1555 1554 1555 1553 1554 1554 1553 1552 1551 1550 1551 1552 1549 1547 1546 1545 1547 1545 1543 1544 1542 1544 1542 1542 1545 1544 1544 1543 1542 1543 1542 1542 1542 1541 1541 1539 1540 1540 1542 1541 1541 1542 1541 1540 1540 1541 1540 1538 1538 1539 1540 1538 1539 1539 1538 1536 1538 1539 1538 1540 1538 1538 1539 1539 1537 1537 1539 1538 1538 1538 1538 1536
1561 1559 1559 1558 1559 1559 1556 1556 1555 1555 1555 1555 1556 1556 1556 1554 1553 1553 1555 1553 1551 1550 1550 1550 1548 1545 1545 1547 1548 1545 1544 1544 1543 1544 1544 1544 1544 1544 1543 1542 1541 1542 1542 1543 1544 1542 1540 1540 1540 1540 1541 1541 1541 1542 1541 1541 1540 1540 1541 1539 1540 1541 1542 1539 1540 1540 1539 1538 1538 1540 1539 1540 1540 1538 1538 1538 1537 1536 1536 1536 1538 1537 1538 1536
1558 1558 1559 1559 1559 1558 1557 1557 1557 1557 1556 1555 1555 1555 1555 1556 1554 1555 1554 1552 1551 1551 1548 1548 1547 1548 1547 1548 1548 1547 1545 1545 1545 1544 1545 1543 1545 1543 1544 1544 1543 1544 1543 1545 1543 1541 1541 1542 1543 1541 1541 1541 1540 1540 1541 1542 1542 1541 1540 1540 1539 1540 1541 1539 1539 1538 1539 1539 1537 1539 1539 1539 1538 1538 1539 1538 1539 1538 1537 1538 1540 1538 1538 1538
1559 1558 1560 1558 1557 1559 1557 1556 1555 1555 1555 1556 1556 1554 1555 1559 1557 1556 1554 1554 1555 1551 1551 1553 1549 1549 1546 1546 1546 1547 1546 1546 1546 1544 1544 1545 1544 1545 1544 1544 1543 1544 1543 1543 1541 1543 1543 1543 1541 1540 1542 1543 1540 1540 1540 1539 1540 1539 1540 1540 1539 1539 1540 1540 1540 1539 1540 1539 1538 1539 1539 1540 1540 1539 1538 1539 1540 1539 1537 1537 1539 1538 1537 1538
1558 1558 1558 1558 1556 1558 1557 1556 1557 1556 1555 1557 1553 1554 1555 1556 1557 1557 1556 1556 1556 1553 1551 1550 1549 1548 1545 1545 1546 1545 1544 1544 1546 1544 1543 1543 1545 1545 1544 1544 1542 1542 1542 1543 1544 1542 1542 1541 1541 1539 1541 1542 1542 1540 1541 1540 1542 1542 1539 1540 1540 1540 1541 1541 1541 1540 1541 1541 1539 1539 1540 1540 1539 1538 1539 1539 1539 1539 1538 1538 1537 1538 1538 1539
1559 1559 1558 1556 1557 1557 1557 1556 1556 1556 1555 1557 1555 1555 1554 1554 1555 1556 1556 1554 1553 1553 1552 1549 1547 1547 1546 1546 1546 1546 1546 1545 1546 1545 1545 1543 1542 1542 1543 1543 1543 1542 1541 1541 1541 1543 1543 1541 1542 1541 1541 1542 1541 1539 1540 1541 1541 1541 1541 1540 1542 1541 1540 1538 1540 1541 1541 1540 1540 1541 1540 1539 1539 1540 1541 1540 1541 1541 1541 1540 1538 1538 1539 1539
1556 1555 1556 1558 1558 1557 1555 1558 1557 1555 1557 1555 1556 1556 1555 1556 1556 1557 1557 1554 1555 1554 1551 1549 1547 1547 1548 1546 1545 1545 1546 1544 1545 1545 1544 1543 1543 1541 1543 1545 1544 1543 1544 1540 1542 1542 1543 1543 1543 1543 1543 1543 1542 1542 1542 1541 1543 1542 1541 1540 1541 1541 1541 1539 1540 1541 1541 1541 1541 1540 1540 1540 1540 1541 1540 1541 1542 1541 1539 1540 1540 1539 1539 1539
1558 1558 1558 1559 1558 1558 1559 1558 1558 1557 1556 1556 1558 1556 1556 1555 1554 1555 1554 1553 1556 1553 1550 1550 1549 1547 1547 1545 1546 1545 1546 1544 1544 1543 1544 1544 1543 1544 1546 1545 1544 1542 1544 1541 1540 1541 1543 1543 1543 1542 1543 1542 1543 1542 1542 1542 1542 1541 1541 1541 1541 1542 1542 1542 1542 1542 1541 1541 1541 1541 1541 1540 1541 1542 1540 1541 1538 1540 1539 1540 1541 1538 1539 1541
1558 1558 1557 1557 1557 1558 1560 1556 1555 1555 1554 1555 1555 1556 1555 1554 1555 1556 1555 1554 1555 1556 1553 1550 1550 1550 1548 1547 1545 1546 1545 1545 1545 1544 1544 1544 1543 1544 1544 1543 1543 1544 1542 1543 1543 1545 1546 1544 1544 1542 1542 1543 1544 1544 1542 1543 1543 1541 1541 1541 1541 1541 1540 1542 1542 1541 1541 1540 1540 1540 1541 1541 1542 1540 1539 1540 1540 1541 1541 1541 1540 1538 1540 1540
