data/gis/ssrd_dem_90m.txt
ncols         1321
nrows         361
xllcorner     -114.6004165456
yllcorner     38.799583430181
cellsize      0.00083333333333333
NODATA_value  -9999
[rows 114 to 151 of 361, columns 1176 to 1259 of 1321]
2070 2082 2095 2112 2130 2154 2167 2178 2181 2191 2207 2223 2236 2260 2283 2302 2321 2327 2342 2348 2339 2318 2319 2317 2296 2284 2264 2232 2199 2171 2147 2129 2129 2142 2178 2201 2219 2236 2234 2237 2233 2245 2252 2243 2218 2195 2198 2209 2218 2230 2249 2267 2280 2293 2297 2300 2305 2308 2296 2300 2301 2295 2291 2290 2283 2277 2281 2282 2275 2273 2271 2274 2279 2287 2286 2287 2297 2293 2292 2303 2310 2304 2292 2287
2102 2106 2103 2108 2121 2145 2177 2201 2202 2200 2208 2220 2235 2253 2273 2297 2310 2314 2331 2336 2324 2300 2291 2290 2267 2241 2217 2198 2176 2167 2157 2132 2123 2154 2185 2207 2226 2233 2218 2205 2213 2220 2219 2217 2206 2184 2187 2206 2229 2249 2268 2277 2284 2285 2280 2283 2295 2293 2280 2286 2299 2302 2302 2300 2289 2286 2289 2283 2282 2283 2280 2279 2287 2301 2302 2297 2308 2308 2302 2304 2313 2307 2296 2296
2155 2161 2146 2143 2161 2163 2179 2197 2214 2221 2221 2229 2242 2249 2262 2280 2289 2300 2318 2327 2309 2275 2263 2262 2255 2229 2189 2165 2147 2142 2142 2128 2129 2162 2179 2185 2203 2218 2202 2196 2199 2184 2176 2180 2180 2176 2180 2215 2248 2269 2271 2267 2270 2263 2260 2275 2287 2283 2266 2264 2285 2303 2306 2304 2296 2292 2293 2297 2295 2294 2290 2290 2294 2302 2313 2317 2321 2323 2315 2312 2315 2309 2304 2308
2190 2199 2181 2174 2192 2201 2197 2192 2208 2228 2241 2241 2237 2241 2248 2264 2283 2302 2325 2322 2293 2269 2246 2261 2261 2239 2199 2162 2131 2114 2114 2119 2145 2171 2164 2162 2180 2190 2183 2177 2178 2157 2144 2149 2159 2170 2192 2218 2242 2253 2246 2251 2253 2237 2246 2261 2266 2259 2249 2245 2263 2285 2293 2300 2306 2309 2309 2311 2309 2307 2302 2303 2309 2306 2313 2328 2342 2344 2336 2327 2326 2325 2318 2319
2194 2203 2196 2198 2209 2217 2215 2201 2201 2218 2223 2217 2227 2240 2250 2262 2291 2312 2327 2308 2266 2235 2232 2272 2276 2237 2196 2157 2126 2104 2101 2130 2148 2158 2147 2134 2145 2163 2159 2150 2144 2135 2143 2160 2163 2175 2185 2201 2223 2226 2220 2225 2227 2213 2224 2234 2239 2232 2225 2238 2260 2270 2286 2305 2325 2332 2330 2329 2333 2331 2325 2323 2326 2322 2321 2340 2362 2372 2361 2353 2352 2345 2334 2339
2199 2206 2207 2209 2204 2196 2193 2192 2191 2192 2188 2189 2198 2205 2218 2240 2262 2285 2292 2249 2250 2208 2224 2259 2271 2228 2184 2150 2116 2093 2096 2118 2125 2126 2119 2112 2121 2126 2125 2121 2123 2134 2156 2156 2149 2154 2159 2183 2207 2208 2204 2198 2195 2191 2206 2210 2209 2205 2218 2237 2246 2251 2269 2297 2325 2345 2355 2361 2369 2365 2360 2360 2357 2356 2349 2348 2372 2391 2392 2387 2381 2373 2367 2369
2213 2208 2214 2219 2211 2194 2172 2157 2156 2168 2170 2145 2142 2155 2177 2210 2221 2226 2226 2163 2167 2181 2209 2269 2282 2233 2189 2150 2120 2092 2085 2093 2097 2098 2092 2096 2102 2104 2110 2126 2145 2153 2150 2135 2126 2135 2157 2180 2191 2191 2199 2185 2171 2177 2189 2184 2183 2192 2209 2224 2236 2246 2264 2282 2311 2335 2351 2363 2368 2366 2374 2388 2391 2390 2383 2374 2378 2397 2409 2411 2411 2407 2404 2403
2228 2213 2214 2228 2225 2214 2190 2163 2144 2134 2132 2130 2114 2120 2147 2172 2173 2170 2166 2142 2144 2166 2204 2257 2292 2246 2192 2152 2125 2100 2083 2078 2079 2080 2086 2092 2101 2112 2122 2138 2146 2138 2126 2117 2113 2129 2155 2178 2176 2174 2185 2177 2165 2174 2173 2174 2186 2196 2215 2237 2252 2266 2278 2279 2286 2310 2327 2333 2330 2334 2348 2362 2377 2394 2406 2402 2402 2408 2414 2416 2418 2420 2420 2422
2233 2221 2222 2228 2229 2215 2202 2188 2171 2146 2124 2109 2101 2102 2118 2143 2152 2134 2116 2112 2131 2159 2199 2253 2285 2249 2195 2156 2125 2098 2081 2075 2076 2077 2084 2100 2115 2127 2133 2144 2138 2118 2105 2101 2107 2131 2154 2162 2161 2166 2173 2168 2155 2161 2167 2183 2205 2215 2225 2246 2260 2270 2267 2260 2266 2289 2299 2301 2294 2300 2316 2328 2348 2368 2382 2394 2416 2424 2420 2417 2417 2416 2418 2420
2246 2240 2237 2231 2222 2217 2225 2224 2211 2191 2169 2137 2112 2092 2088 2099 2111 2102 2085 2095 2119 2148 2181 2215 2255 2226 2184 2144 2118 2088 2073 2068 2069 2081 2087 2105 2110 2106 2109 2129 2132 2113 2096 2100 2117 2131 2141 2148 2158 2163 2152 2145 2144 2155 2178 2193 2205 2215 2227 2242 2254 2262 2256 2243 2248 2262 2266 2269 2268 2273 2282 2300 2320 2336 2348 2375 2406 2432 2428 2422 2420 2415 2414 2414
2253 2252 2246 2236 2226 2231 2240 2243 2245 2235 2222 2193 2149 2123 2094 2080 2075 2071 2068 2083 2107 2135 2159 2187 2211 2201 2164 2128 2098 2077 2063 2064 2074 2081 2084 2099 2100 2091 2091 2111 2111 2097 2089 2098 2111 2124 2138 2147 2148 2140 2133 2135 2159 2176 2185 2193 2206 2217 2228 2239 2246 2239 2233 2230 2228 2238 2236 2238 2242 2252 2257 2274 2295 2314 2334 2366 2395 2429 2439 2434 2428 2421 2417 2415
2245 2253 2257 2245 2237 2239 2252 2262 2260 2257 2264 2244 2208 2158 2124 2096 2073 2058 2058 2069 2088 2107 2129 2149 2167 2170 2147 2116 2089 2065 2058 2060 2068 2072 2080 2080 2081 2079 2080 2092 2089 2083 2087 2095 2107 2131 2141 2131 2123 2122 2131 2147 2160 2165 2176 2197 2207 2206 2205 2208 2215 2207 2199 2203 2207 2214 2219 2227 2239 2259 2266 2275 2298 2320 2340 2367 2397 2433 2459 2453 2441 2431 2423 2418
2242 2252 2263 2263 2263 2252 2243 2242 2249 2259 2266 2254 2245 2205 2159 2118 2084 2059 2050 2056 2067 2084 2102 2119 2142 2145 2134 2112 2084 2062 2052 2054 2061 2064 2071 2067 2067 2071 2070 2074 2076 2076 2082 2097 2114 2130 2122 2114 2108 2128 2160 2165 2151 2161 2175 2183 2184 2178 2170 2172 2183 2178 2183 2192 2202 2205 2223 2241 2256 2271 2280 2290 2307 2327 2347 2374 2404 2450 2480 2476 2457 2442 2430 2425
2246 2254 2260 2264 2270 2257 2235 2219 2226 2232 2213 2206 2202 2197 2176 2126 2091 2066 2047 2043 2055 2070 2090 2113 2129 2125 2102 2086 2068 2053 2045 2048 2052 2058 2065 2061 2064 2064 2062 2066 2073 2077 2087 2105 2114 2111 2100 2103 2120 2143 2155 2150 2142 2153 2149 2145 2148 2144 2143 2147 2157 2164 2191 2222 2235 2226 2226 2233 2244 2253 2278 2299 2318 2338 2361 2389 2419 2458 2495 2484 2464 2448 2436 2431
2246 2253 2255 2262 2269 2275 2248 2205 2182 2187 2171 2147 2140 2129 2119 2106 2081 2055 2036 2036 2049 2073 2084 2092 2097 2103 2087 2070 2054 2043 2038 2041 2047 2053 2057 2054 2058 2053 2057 2069 2072 2081 2097 2106 2102 2091 2094 2113 2132 2133 2126 2122 2123 2130 2124 2123 2126 2132 2140 2156 2164 2178 2198 2222 2242 2253 2253 2258 2261 2261 2267 2288 2305 2327 2355 2380 2413 2449 2487 2480 2465 2454 2442 2436
2246 2247 2241 2263 2269 2256 2242 2207 2166 2144 2128 2107 2093 2084 2074 2066 2051 2030 2026 2041 2057 2059 2057 2060 2074 2096 2090 2071 2051 2039 2035 2037 2043 2044 2043 2046 2049 2051 2059 2065 2066 2074 2086 2088 2085 2086 2098 2113 2113 2108 2103 2102 2106 2112 2127 2141 2148 2160 2156 2155 2167 2184 2204 2225 2245 2256 2272 2284 2285 2284 2280 2285 2300 2319 2345 2375 2407 2439 2479 2493 2477 2462 2448 2441
2231 2228 2222 2244 2260 2248 2224 2216 2194 2155 2121 2098 2084 2064 2050 2038 2031 2021 2024 2043 2060 2048 2033 2039 2052 2063 2072 2061 2043 2033 2030 2031 2035 2036 2037 2040 2043 2047 2050 2057 2060 2067 2075 2075 2072 2079 2086 2091 2089 2087 2094 2102 2111 2123 2140 2153 2169 2181 2179 2182 2189 2193 2213 2225 2245 2261 2276 2296 2311 2314 2311 2306 2300 2320 2349 2380 2405 2445 2486 2499 2483 2464 2452 2444
2209 2191 2192 2215 2215 2217 2197 2175 2181 2170 2138 2101 2076 2059 2041 2024 2017 2014 2020 2041 2046 2031 2018 2017 2023 2032 2040 2039 2029 2023 2024 2025 2027 2033 2036 2037 2040 2042 2049 2052 2057 2059 2061 2065 2068 2074 2079 2087 2093 2089 2094 2104 2111 2113 2121 2131 2148 2174 2190 2201 2217 2223 2240 2250 2260 2264 2274 2292 2314 2331 2338 2336 2325 2327 2347 2374 2402 2433 2480 2500 2486 2475 2465 2455
2181 2167 2151 2182 2174 2171 2161 2131 2130 2142 2131 2108 2078 2050 2031 2015 2005 2010 2029 2045 2034 2014 2005 2003 2009 2011 2016 2019 2018 2019 2020 2024 2030 2034 2038 2044 2045 2053 2062 2061 2059 2065 2068 2074 2079 2084 2094 2118 2130 2123 2112 2108 2108 2117 2130 2129 2133 2148 2164 2187 2225 2238 2248 2252 2251 2253 2261 2277 2299 2317 2333 2349 2356 2353 2358 2373 2393 2425 2468 2490 2490 2495 2490 2477
2144 2116 2116 2133 2130 2112 2107 2092 2092 2105 2123 2126 2101 2062 2035 2013 1998 2008 2023 2028 2026 2005 1997 2005 2020 2022 2017 2015 2018 2022 2021 2028 2033 2036 2043 2049 2059 2069 2079 2080 2086 2090 2084 2096 2108 2113 2113 2137 2159 2162 2154 2145 2133 2138 2161 2164 2172 2182 2175 2180 2209 2229 2232 2232 2231 2236 2253 2271 2282 2296 2314 2339 2361 2380 2392 2403 2414 2432 2456 2461 2459 2471 2480 2471
2102 2084 2082 2090 2092 2079 2076 2070 2059 2066 2078 2090 2088 2061 2033 2013 1997 1993 2002 2002 2009 2001 1995 2008 2031 2054 2051 2040 2043 2038 2039 2041 2041 2039 2043 2045 2055 2064 2073 2081 2098 2117 2114 2122 2135 2145 2143 2149 2166 2184 2188 2174 2154 2151 2175 2192 2208 2224 2214 2196 2193 2206 2216 2220 2230 2243 2253 2263 2277 2295 2318 2342 2371 2381 2392 2404 2409 2412 2420 2418 2414 2425 2441 2447
2085 2061 2054 2060 2066 2064 2047 2043 2041 2039 2049 2054 2047 2038 2028 2015 1999 1985 1983 1982 1991 1997 2007 2031 2056 2076 2080 2067 2063 2056 2060 2061 2061 2059 2055 2052 2058 2061 2065 2078 2100 2123 2136 2143 2155 2172 2173 2174 2178 2191 2203 2197 2178 2178 2195 2216 2227 2233 2236 2231 2218 2215 2237 2245 2238 2241 2254 2265 2283 2305 2333 2358 2370 2367 2364 2373 2372 2377 2387 2383 2381 2392 2411 2426
2085 2069 2057 2041 2043 2047 2042 2029 2025 2022 2025 2030 2021 2008 2008 2010 1992 1980 1982 1995 2009 2019 2029 2048 2087 2109 2113 2094 2080 2076 2084 2090 2095 2091 2079 2071 2074 2083 2083 2082 2101 2126 2146 2157 2166 2177 2188 2192 2194 2207 2213 2215 2212 2213 2220 2231 2233 2228 2228 2238 2240 2233 2242 2259 2260 2253 2266 2289 2303 2317 2341 2352 2355 2347 2332 2339 2338 2352 2362 2353 2348 2371 2400 2414
2113 2094 2068 2048 2032 2024 2023 2020 2011 2007 2004 2007 2004 1997 1988 1986 1980 1975 1983 2005 2029 2052 2072 2081 2104 2135 2155 2131 2108 2108 2115 2117 2124 2124 2109 2103 2098 2103 2104 2094 2107 2126 2135 2144 2146 2157 2176 2183 2190 2190 2192 2199 2208 2211 2212 2211 2214 2214 2219 2236 2251 2250 2246 2256 2272 2277 2282 2298 2304 2311 2323 2325 2321 2323 2309 2306 2317 2345 2340 2327 2331 2353 2384 2410
2122 2108 2090 2068 2047 2030 2020 2013 2005 1998 1997 1993 1985 1979 1977 1969 1967 1979 1993 2008 2030 2055 2082 2100 2122 2147 2165 2141 2114 2098 2092 2094 2108 2124 2129 2130 2127 2124 2127 2117 2103 2105 2105 2111 2119 2130 2146 2160 2169 2156 2150 2168 2185 2185 2184 2187 2192 2207 2225 2239 2256 2269 2267 2274 2292 2304 2297 2286 2278 2285 2292 2289 2296 2307 2296 2287 2306 2320 2316 2307 2314 2339 2373 2408
2114 2092 2088 2085 2073 2057 2048 2033 2016 1999 1988 1983 1978 1972 1964 1960 1970 1992 2004 2009 2022 2036 2050 2070 2092 2125 2154 2140 2113 2088 2070 2070 2081 2096 2122 2135 2130 2120 2114 2101 2083 2079 2080 2077 2085 2099 2116 2129 2134 2127 2128 2136 2152 2165 2185 2193 2196 2204 2218 2238 2258 2280 2291 2295 2298 2308 2301 2284 2262 2259 2265 2264 2282 2300 2288 2271 2283 2293 2294 2300 2317 2340 2371 2399
2108 2092 2071 2056 2051 2040 2035 2035 2025 2007 1995 1987 1977 1968 1959 1956 1968 1981 1988 1993 2004 2014 2027 2051 2075 2106 2133 2121 2095 2084 2068 2055 2066 2086 2109 2120 2109 2097 2093 2086 2069 2067 2070 2077 2082 2091 2096 2102 2109 2121 2138 2148 2160 2183 2205 2220 2224 2225 2231 2246 2268 2287 2284 2288 2285 2290 2290 2276 2256 2227 2230 2247 2266 2276 2265 2258 2271 2284 2300 2318 2327 2346 2371 2399
2102 2102 2076 2056 2034 2015 2004 2005 2007 1998 1988 1979 1969 1957 1953 1959 1969 1974 1978 1984 1995 2005 2017 2041 2070 2093 2107 2089 2064 2056 2047 2048 2063 2081 2097 2098 2086 2077 2069 2063 2057 2068 2087 2100 2102 2095 2097 2104 2119 2141 2162 2164 2181 2200 2213 2226 2239 2245 2245 2256 2269 2278 2283 2293 2280 2268 2272 2269 2245 2211 2204 2221 2223 2232 2240 2250 2276 2296 2318 2340 2359 2380 2404 2423
2090 2094 2094 2078 2054 2024 2002 1990 1986 1979 1969 1961 1955 1946 1952 1971 1989 1999 2001 1995 1996 2009 2028 2040 2064 2087 2087 2067 2043 2034 2037 2055 2071 2074 2071 2068 2063 2062 2053 2053 2063 2074 2094 2118 2133 2124 2118 2125 2129 2143 2176 2188 2198 2211 2228 2238 2242 2240 2241 2256 2259 2269 2287 2288 2276 2260 2244 2247 2243 2211 2183 2192 2199 2229 2246 2263 2278 2296 2317 2337 2354 2381 2413 2433
2061 2058 2066 2069 2068 2052 2029 2003 1982 1968 1970 1961 1945 1942 1956 1973 1994 2012 2024 2024 2021 2024 2041 2067 2075 2084 2074 2048 2027 2028 2047 2050 2047 2049 2044 2045 2050 2048 2049 2059 2069 2091 2114 2135 2159 2170 2160 2162 2161 2153 2174 2200 2212 2228 2241 2243 2230 2223 2231 2247 2251 2257 2277 2277 2258 2238 2210 2204 2203 2186 2173 2196 2222 2251 2284 2303 2316 2326 2338 2353 2373 2391 2412 2430
2030 2020 2033 2055 2065 2059 2039 2012 1991 1990 1985 1970 1948 1946 1963 1980 1996 2011 2027 2045 2053 2055 2065 2085 2083 2070 2060 2041 2019 2025 2043 2037 2030 2036 2031 2032 2035 2042 2059 2078 2098 2122 2146 2166 2181 2194 2196 2211 2202 2187 2194 2212 2220 2228 2238 2240 2220 2205 2215 2234 2239 2236 2252 2260 2253 2228 2190 2163 2160 2163 2183 2201 2228 2250 2276 2296 2304 2315 2330 2346 2360 2370 2386 2405
2002 1991 2008 2041 2031 2016 2014 2005 1981 1971 1964 1951 1936 1941 1961 1987 2005 2027 2042 2062 2077 2078 2075 2073 2057 2039 2031 2024 2009 2014 2029 2021 2018 2021 2024 2029 2036 2046 2066 2083 2098 2111 2127 2149 2172 2202 2224 2240 2244 2233 2223 2216 2206 2208 2212 2223 2220 2200 2191 2213 2228 2219 2214 2217 2216 2220 2181 2147 2158 2184 2204 2231 2249 2270 2280 2293 2305 2317 2326 2330 2329 2336 2353 2374
1984 1983 2003 2017 2014 1996 1979 1974 1963 1951 1945 1936 1931 1946 1971 1984 1995 2011 2035 2055 2051 2048 2050 2051 2042 2023 2006 1999 1996 2001 2007 2006 2018 2032 2039 2036 2042 2052 2060 2071 2085 2102 2113 2131 2159 2182 2207 2235 2255 2249 2240 2231 2216 2200 2192 2199 2194 2185 2165 2178 2192 2206 2187 2179 2169 2176 2167 2139 2143 2175 2212 2245 2275 2292 2302 2305 2300 2297 2298 2302 2306 2317 2331 2365
1965 1965 1976 1984 1986 1985 1969 1954 1947 1935 1932 1931 1935 1954 1961 1964 1978 2000 2024 2032 2022 2014 2015 2018 2020 2014 1998 1994 2004 2005 2012 2018 2029 2051 2058 2046 2040 2047 2056 2074 2095 2114 2130 2141 2157 2173 2200 2227 2232 2230 2234 2235 2220 2204 2188 2174 2171 2164 2143 2142 2153 2170 2170 2151 2136 2141 2143 2128 2138 2179 2214 2247 2266 2279 2292 2292 2277 2273 2281 2294 2304 2325 2347 2377
1953 1950 1953 1954 1954 1959 1957 1947 1938 1932 1924 1928 1934 1946 1957 1966 1977 1988 2001 2003 1997 1984 1983 1988 1989 1989 1989 2005 2022 2032 2044 2050 2053 2070 2072 2055 2054 2058 2060 2062 2077 2107 2136 2152 2162 2174 2193 2212 2211 2204 2217 2237 2234 2216 2194 2168 2149 2140 2140 2131 2126 2133 2147 2158 2137 2118 2117 2121 2143 2183 2220 2233 2242 2254 2266 2263 2260 2281 2310 2320 2331 2348 2377 2397
1943 1941 1940 1939 1937 1937 1946 1945 1934 1923 1921 1927 1934 1945 1955 1958 1964 1967 1971 1966 1967 1969 1974 1978 1984 1992 2005 2030 2054 2062 2090 2099 2093 2092 2086 2066 2069 2078 2083 2082 2080 2094 2117 2138 2160 2172 2180 2188 2192 2188 2195 2211 2217 2202 2172 2151 2144 2128 2118 2125 2118 2110 2118 2129 2126 2107 2101 2122 2155 2186 2212 2223 2237 2238 2241 2245 2259 2283 2302 2315 2335 2365 2381 2377
1936 1933 1928 1928 1924 1924 1928 1928 1924 1916 1919 1923 1929 1935 1941 1946 1949 1949 1950 1954 1966 1976 1990 2002 2015 2026 2030 2045 2077 2098 2115 2135 2137 2115 2097 2081 2086 2101 2119 2124 2117 2126 2132 2141 2142 2153 2140 2138 2156 2160 2166 2176 2176 2181 2155 2127 2115 2115 2100 2111 2124 2112 2098 2101 2105 2097 2100 2127 2154 2186 2210 2227 2233 2222 2230 2235 2245 2263 2276 2299 2325 2358 2365 2348
1946 1935 1927 1922 1916 1912 1915 1916 1914 1913 1917 1917 1923 1927 1932 1935 1940 1943 1953 1970 1998 2015 2026 2033 2044 2066 2076 2076 2090 2120 2140 2161 2168 2144 2120 2105 2122 2152 2162 2164 2162 2160 2140 2122 2109 2113 2109 2095 2113 2131 2139 2143 2134 2135 2129 2111 2092 2086 2080 2096 2106 2099 2091 2082 2085 2090 2101 2124 2150 2179 2204 2206 2205 2207 2213 2232 2245 2257 2276 2295 2323 2343 2345 2328
