data/gis/ssrd_dem_90m.txt
ncols         1321
nrows         361
xllcorner     -114.6004165456
yllcorner     38.799583430181
cellsize      0.00083333333333333
NODATA_value  -9999
[rows 228 to 265 of 361, columns 1176 to 1259 of 1321]
1751 1752 1750 1747 1745 1743 1742 1741 1740 1739 1739 1739 1740 1739 1739 1739 1740 1740 1739 1739 1742 1743 1746 1747 1748 1749 1751 1750 1751 1754 1755 1754 1753 1757 1760 1763 1764 1766 1767 1767 1769 1772 1774 1775 1776 1778 1777 1777 1780 1778 1782 1784 1786 1785 1792 1796 1796 1794 1797 1798 1801 1801 1804 1807 1809 1812 1815 1817 1816 1818 1822 1824 1827 1829 1831 1831 1834 1836 1838 1841 1839 1842 1846 1848
1757 1754 1750 1750 1748 1747 1747 1745 1740 1739 1738 1737 1737 1736 1738 1738 1738 1739 1738 1739 1741 1742 1745 1744 1745 1743 1748 1749 1748 1751 1752 1754 1754 1754 1758 1759 1760 1763 1766 1766 1768 1769 1770 1771 1774 1776 1776 1777 1777 1776 1785 1790 1793 1801 1802 1819 1807 1798 1797 1798 1801 1803 1802 1805 1809 1812 1819 1820 1819 1819 1822 1826 1828 1840 1850 1847 1842 1837 1837 1840 1841 1842 1844 1846
1764 1760 1756 1754 1751 1754 1756 1750 1743 1740 1737 1737 1735 1735 1735 1735 1735 1736 1735 1738 1738 1736 1741 1741 1742 1744 1748 1747 1748 1751 1752 1752 1752 1754 1755 1757 1759 1760 1762 1763 1766 1768 1769 1769 1771 1772 1774 1775 1775 1781 1800 1813 1821 1830 1829 1827 1812 1804 1800 1802 1807 1807 1806 1807 1812 1822 1833 1836 1828 1820 1824 1826 1828 1833 1843 1854 1853 1848 1839 1836 1840 1843 1848 1851
1780 1780 1768 1758 1755 1759 1762 1754 1746 1743 1739 1736 1736 1735 1732 1732 1734 1735 1734 1736 1737 1737 1739 1743 1742 1742 1745 1745 1746 1747 1749 1751 1750 1752 1755 1755 1757 1759 1759 1760 1763 1767 1767 1768 1770 1770 1771 1775 1779 1785 1802 1824 1844 1856 1852 1834 1818 1808 1806 1808 1814 1816 1819 1820 1819 1831 1846 1850 1839 1825 1825 1827 1828 1831 1839 1847 1853 1849 1844 1840 1843 1846 1846 1850
1791 1793 1781 1768 1760 1760 1757 1752 1745 1742 1739 1737 1734 1733 1731 1730 1732 1735 1736 1735 1734 1734 1738 1739 1739 1740 1742 1745 1744 1746 1747 1749 1749 1750 1752 1754 1756 1756 1757 1757 1760 1762 1766 1765 1767 1768 1772 1778 1784 1790 1807 1833 1858 1871 1859 1843 1831 1814 1809 1814 1824 1832 1833 1832 1836 1840 1847 1851 1841 1828 1828 1828 1828 1831 1834 1839 1843 1844 1844 1843 1846 1848 1848 1849
1783 1792 1792 1783 1775 1767 1757 1748 1746 1743 1738 1737 1735 1734 1734 1734 1734 1734 1732 1733 1734 1735 1736 1741 1742 1744 1741 1744 1744 1745 1746 1748 1748 1749 1749 1751 1752 1755 1756 1758 1759 1763 1765 1766 1765 1770 1774 1778 1783 1794 1808 1822 1852 1872 1865 1858 1850 1830 1815 1817 1828 1830 1831 1831 1836 1837 1837 1840 1835 1829 1829 1831 1832 1830 1834 1836 1836 1839 1841 1844 1848 1849 1853 1853
1757 1769 1783 1791 1785 1773 1761 1754 1749 1745 1741 1739 1736 1734 1735 1734 1733 1732 1731 1731 1732 1736 1739 1744 1752 1748 1740 1740 1741 1742 1743 1744 1747 1748 1749 1752 1753 1754 1757 1757 1758 1760 1761 1761 1764 1772 1776 1781 1785 1794 1811 1829 1851 1871 1880 1888 1876 1851 1834 1829 1825 1822 1825 1828 1828 1830 1830 1828 1830 1826 1829 1831 1832 1833 1833 1833 1834 1838 1840 1848 1849 1849 1851 1856
1765 1779 1789 1796 1787 1775 1767 1761 1760 1756 1749 1744 1742 1741 1743 1742 1739 1732 1728 1728 1728 1731 1735 1741 1752 1753 1741 1737 1739 1740 1741 1744 1746 1749 1750 1750 1752 1753 1756 1756 1756 1757 1760 1762 1767 1771 1776 1783 1792 1800 1818 1843 1869 1889 1904 1917 1905 1875 1859 1846 1835 1829 1820 1823 1826 1829 1827 1828 1827 1827 1827 1827 1831 1835 1835 1836 1836 1838 1844 1845 1847 1848 1852 1857
1773 1774 1780 1784 1776 1776 1785 1784 1782 1777 1768 1755 1748 1753 1756 1756 1746 1737 1730 1728 1729 1728 1733 1737 1744 1744 1735 1736 1738 1740 1742 1743 1743 1745 1750 1750 1750 1750 1753 1755 1755 1758 1760 1763 1768 1773 1777 1780 1787 1802 1827 1849 1880 1909 1925 1931 1916 1889 1869 1852 1841 1837 1828 1825 1829 1827 1829 1828 1827 1826 1827 1827 1828 1833 1835 1837 1837 1839 1842 1843 1845 1849 1853 1856
1757 1753 1766 1769 1755 1756 1771 1775 1780 1787 1781 1769 1759 1761 1763 1756 1745 1735 1728 1727 1728 1728 1731 1733 1732 1733 1734 1736 1734 1738 1739 1741 1743 1744 1747 1749 1752 1749 1749 1753 1755 1757 1759 1762 1767 1771 1777 1781 1784 1796 1815 1832 1863 1891 1913 1929 1932 1920 1895 1870 1851 1838 1832 1834 1831 1828 1830 1829 1825 1826 1827 1828 1827 1831 1834 1836 1837 1840 1843 1846 1848 1852 1855 1856
1741 1738 1748 1758 1744 1733 1740 1746 1754 1760 1764 1762 1754 1750 1750 1745 1740 1737 1733 1729 1725 1726 1726 1727 1729 1730 1733 1735 1736 1736 1738 1741 1742 1744 1746 1747 1749 1748 1749 1753 1754 1755 1759 1762 1767 1770 1775 1780 1786 1795 1802 1817 1839 1860 1890 1914 1917 1915 1906 1888 1863 1843 1839 1835 1832 1831 1831 1828 1826 1825 1826 1829 1830 1831 1834 1835 1834 1848 1864 1865 1861 1858 1856 1857
1725 1723 1731 1740 1732 1722 1724 1727 1731 1735 1739 1741 1736 1732 1732 1731 1733 1737 1737 1735 1727 1724 1724 1726 1728 1730 1732 1735 1736 1736 1735 1737 1740 1742 1745 1745 1745 1746 1748 1750 1755 1757 1758 1762 1766 1769 1772 1776 1788 1795 1802 1817 1835 1857 1882 1893 1890 1888 1882 1877 1861 1845 1842 1837 1833 1830 1829 1827 1824 1824 1825 1824 1828 1831 1832 1835 1843 1858 1887 1884 1869 1858 1854 1854
1709 1710 1714 1716 1715 1713 1712 1716 1718 1718 1721 1722 1721 1720 1721 1723 1726 1732 1733 1730 1725 1722 1723 1726 1727 1729 1729 1731 1733 1734 1735 1737 1738 1738 1741 1741 1743 1745 1747 1751 1754 1756 1758 1763 1766 1768 1771 1777 1786 1792 1805 1828 1859 1885 1899 1898 1885 1874 1864 1859 1852 1846 1842 1838 1835 1832 1831 1828 1826 1825 1824 1824 1826 1828 1829 1835 1847 1869 1894 1891 1875 1861 1855 1854
1703 1703 1704 1704 1705 1706 1705 1708 1711 1710 1711 1712 1715 1714 1716 1717 1722 1725 1724 1720 1719 1722 1723 1723 1725 1728 1730 1731 1732 1735 1736 1737 1738 1738 1738 1742 1742 1742 1746 1751 1754 1756 1759 1764 1768 1772 1773 1778 1792 1803 1808 1826 1859 1889 1910 1903 1890 1881 1874 1859 1848 1850 1846 1840 1842 1836 1830 1830 1830 1830 1825 1823 1824 1826 1829 1837 1844 1857 1872 1874 1865 1853 1850 1853
1696 1697 1698 1699 1699 1700 1701 1704 1706 1706 1707 1708 1711 1713 1714 1715 1717 1718 1717 1717 1719 1722 1720 1722 1722 1725 1727 1728 1731 1731 1733 1735 1734 1734 1736 1741 1743 1744 1746 1749 1752 1756 1764 1776 1780 1786 1782 1779 1793 1817 1828 1828 1840 1864 1884 1891 1890 1884 1872 1863 1864 1865 1865 1856 1852 1841 1834 1836 1846 1840 1829 1820 1821 1822 1829 1835 1838 1844 1850 1854 1853 1847 1846 1851
1694 1695 1697 1698 1698 1699 1699 1700 1702 1703 1704 1705 1707 1709 1712 1712 1712 1715 1715 1715 1716 1719 1719 1719 1720 1723 1727 1726 1727 1730 1730 1734 1734 1736 1738 1740 1744 1743 1745 1749 1752 1756 1767 1779 1794 1798 1790 1784 1797 1817 1830 1827 1823 1834 1849 1863 1862 1865 1870 1876 1890 1896 1885 1873 1860 1846 1838 1839 1841 1834 1827 1820 1822 1824 1828 1831 1833 1832 1838 1842 1842 1842 1845 1846
1697 1705 1710 1702 1698 1700 1700 1700 1702 1702 1703 1704 1706 1707 1708 1710 1712 1712 1715 1716 1716 1719 1723 1725 1725 1725 1732 1735 1733 1731 1728 1729 1732 1733 1737 1738 1741 1744 1746 1749 1759 1766 1772 1785 1800 1808 1805 1792 1789 1800 1808 1808 1808 1812 1826 1840 1849 1865 1882 1897 1917 1916 1892 1867 1857 1846 1836 1836 1834 1824 1817 1820 1822 1822 1827 1829 1830 1834 1836 1837 1838 1840 1843 1846
1714 1723 1719 1708 1711 1710 1707 1706 1705 1705 1705 1706 1707 1708 1709 1711 1712 1713 1715 1717 1718 1722 1728 1735 1743 1736 1750 1754 1754 1743 1729 1727 1731 1734 1735 1735 1736 1740 1743 1750 1765 1774 1779 1784 1789 1802 1811 1811 1800 1795 1796 1798 1805 1811 1815 1823 1858 1883 1902 1909 1909 1899 1877 1854 1840 1833 1824 1822 1826 1822 1816 1816 1815 1820 1826 1827 1829 1831 1833 1834 1837 1841 1844 1843
1721 1726 1719 1718 1733 1732 1719 1716 1716 1712 1710 1711 1712 1711 1710 1713 1713 1715 1718 1721 1723 1727 1739 1752 1762 1754 1767 1786 1785 1765 1743 1733 1732 1733 1735 1737 1736 1737 1741 1747 1758 1768 1777 1780 1775 1777 1787 1796 1810 1814 1816 1823 1830 1836 1830 1831 1846 1874 1894 1909 1911 1886 1855 1835 1822 1817 1815 1813 1815 1814 1813 1815 1817 1820 1823 1825 1827 1830 1831 1831 1835 1836 1837 1841
1726 1729 1728 1737 1748 1745 1728 1737 1737 1724 1713 1714 1719 1718 1717 1716 1716 1719 1722 1723 1724 1729 1740 1756 1767 1769 1780 1803 1815 1791 1759 1737 1731 1734 1735 1736 1739 1738 1741 1743 1751 1759 1763 1764 1762 1764 1774 1794 1824 1828 1824 1831 1839 1841 1841 1841 1839 1848 1862 1878 1885 1869 1841 1822 1815 1810 1807 1810 1810 1810 1813 1816 1818 1820 1821 1823 1824 1826 1827 1830 1835 1832 1834 1843
1735 1739 1742 1754 1763 1751 1737 1746 1757 1742 1725 1716 1721 1729 1720 1719 1721 1723 1724 1724 1726 1730 1737 1746 1759 1775 1787 1809 1820 1804 1770 1747 1734 1734 1735 1736 1739 1743 1740 1742 1747 1751 1754 1755 1759 1769 1779 1800 1822 1824 1813 1821 1828 1828 1830 1830 1827 1826 1832 1843 1858 1847 1832 1823 1812 1807 1806 1808 1807 1811 1813 1813 1817 1820 1822 1822 1821 1827 1829 1828 1828 1827 1832 1838
1731 1742 1754 1771 1773 1757 1751 1765 1765 1750 1731 1722 1721 1728 1723 1720 1723 1730 1731 1730 1731 1734 1735 1745 1751 1766 1787 1808 1828 1818 1787 1757 1738 1735 1737 1738 1740 1742 1741 1744 1745 1746 1749 1753 1758 1771 1783 1794 1805 1813 1803 1815 1826 1828 1828 1823 1815 1813 1814 1823 1826 1822 1818 1817 1816 1807 1801 1805 1807 1808 1810 1814 1816 1817 1818 1820 1820 1822 1824 1822 1822 1826 1832 1832
1719 1731 1745 1766 1783 1777 1775 1785 1781 1767 1745 1732 1730 1728 1726 1724 1724 1730 1735 1738 1740 1740 1739 1745 1761 1772 1792 1811 1824 1825 1800 1764 1745 1739 1738 1739 1740 1743 1744 1743 1743 1744 1747 1751 1756 1760 1771 1780 1794 1801 1795 1812 1820 1822 1828 1827 1823 1821 1812 1812 1811 1806 1803 1803 1806 1801 1799 1803 1806 1809 1810 1811 1813 1815 1815 1816 1818 1819 1818 1819 1823 1827 1828 1824
1708 1714 1731 1751 1775 1788 1793 1803 1805 1788 1764 1747 1742 1730 1728 1726 1728 1730 1734 1738 1743 1752 1753 1752 1762 1786 1801 1820 1817 1809 1794 1768 1748 1744 1741 1741 1741 1743 1744 1746 1746 1746 1749 1750 1754 1757 1765 1773 1787 1791 1787 1798 1808 1809 1810 1813 1819 1819 1809 1803 1802 1799 1798 1798 1798 1797 1797 1800 1803 1806 1809 1810 1808 1811 1813 1814 1815 1815 1819 1823 1824 1821 1819 1820
1701 1707 1719 1734 1752 1762 1774 1795 1811 1807 1787 1768 1751 1734 1730 1728 1730 1734 1738 1738 1743 1746 1754 1761 1770 1794 1809 1816 1809 1787 1773 1764 1751 1747 1744 1741 1740 1745 1745 1746 1748 1748 1745 1750 1753 1757 1763 1770 1779 1784 1780 1789 1802 1808 1803 1801 1804 1805 1801 1799 1795 1793 1792 1793 1794 1796 1797 1799 1802 1803 1804 1807 1806 1810 1811 1810 1812 1815 1820 1821 1819 1818 1818 1823
1700 1701 1709 1718 1728 1734 1748 1762 1780 1791 1784 1761 1742 1729 1729 1729 1731 1735 1737 1739 1743 1746 1749 1757 1766 1782 1796 1800 1787 1775 1770 1760 1752 1749 1746 1742 1743 1744 1746 1748 1748 1749 1748 1750 1754 1757 1761 1766 1771 1773 1776 1787 1799 1808 1810 1802 1794 1792 1795 1794 1792 1790 1790 1790 1790 1794 1796 1799 1798 1800 1803 1804 1803 1806 1807 1810 1810 1814 1816 1813 1813 1816 1820 1823
1696 1700 1708 1710 1713 1723 1729 1734 1745 1755 1757 1746 1728 1725 1726 1733 1737 1738 1740 1742 1745 1748 1752 1756 1760 1770 1780 1792 1785 1790 1791 1781 1766 1750 1746 1742 1742 1746 1746 1747 1748 1750 1751 1752 1753 1756 1760 1763 1764 1766 1771 1779 1789 1795 1802 1795 1786 1785 1789 1791 1786 1786 1788 1789 1789 1792 1794 1797 1799 1800 1801 1800 1802 1803 1806 1810 1810 1810 1809 1810 1810 1814 1816 1816
1695 1699 1704 1707 1707 1710 1711 1713 1719 1725 1728 1723 1721 1723 1731 1739 1743 1743 1743 1748 1756 1767 1769 1768 1773 1774 1786 1806 1814 1826 1814 1794 1769 1755 1750 1746 1745 1745 1748 1750 1751 1752 1753 1755 1755 1757 1758 1759 1761 1764 1766 1773 1780 1784 1788 1786 1781 1785 1792 1793 1788 1783 1784 1785 1788 1792 1793 1794 1797 1800 1800 1802 1802 1801 1802 1803 1804 1803 1804 1807 1809 1809 1811 1812
1696 1698 1700 1706 1706 1708 1712 1714 1716 1719 1722 1723 1725 1730 1739 1750 1752 1749 1749 1756 1772 1788 1798 1792 1793 1799 1808 1820 1824 1824 1806 1785 1767 1755 1752 1749 1748 1749 1750 1749 1752 1752 1753 1754 1754 1756 1758 1759 1761 1763 1765 1770 1772 1773 1776 1777 1777 1779 1788 1787 1784 1781 1781 1784 1788 1789 1790 1792 1796 1795 1797 1796 1798 1798 1798 1797 1799 1800 1802 1804 1806 1806 1811 1810
1696 1700 1702 1703 1708 1716 1716 1716 1719 1724 1725 1730 1731 1746 1763 1775 1780 1772 1761 1763 1777 1802 1824 1825 1816 1820 1823 1823 1821 1808 1790 1774 1762 1758 1754 1749 1747 1750 1748 1750 1752 1753 1752 1754 1755 1758 1760 1760 1760 1763 1766 1769 1771 1770 1770 1773 1776 1775 1777 1777 1779 1780 1781 1779 1785 1790 1788 1788 1790 1791 1793 1793 1797 1795 1796 1797 1798 1799 1804 1804 1807 1809 1810 1811
1699 1703 1704 1705 1709 1715 1718 1720 1722 1726 1739 1743 1748 1763 1782 1798 1802 1790 1771 1775 1798 1826 1849 1849 1830 1820 1813 1810 1805 1789 1776 1765 1762 1758 1755 1751 1752 1752 1751 1753 1753 1753 1756 1756 1757 1758 1760 1760 1762 1761 1764 1768 1767 1766 1768 1772 1772 1772 1775 1774 1776 1779 1781 1781 1786 1785 1786 1786 1788 1790 1790 1792 1795 1796 1796 1798 1799 1800 1802 1804 1807 1812 1815 1817
1704 1709 1712 1712 1714 1717 1721 1725 1727 1732 1742 1757 1757 1765 1786 1809 1819 1809 1794 1794 1822 1848 1861 1848 1833 1826 1815 1804 1796 1794 1788 1772 1761 1755 1752 1751 1753 1754 1754 1752 1754 1755 1754 1756 1759 1761 1760 1763 1765 1765 1769 1770 1769 1765 1770 1773 1774 1774 1777 1777 1778 1783 1788 1785 1786 1786 1785 1785 1787 1788 1789 1791 1795 1797 1799 1799 1800 1801 1801 1801 1806 1813 1821 1822
1709 1712 1716 1717 1722 1721 1724 1730 1735 1736 1737 1758 1770 1771 1787 1806 1819 1828 1821 1820 1844 1868 1869 1856 1851 1849 1836 1815 1809 1809 1794 1775 1764 1758 1753 1752 1753 1755 1756 1755 1756 1757 1757 1758 1758 1761 1765 1765 1766 1767 1771 1779 1785 1789 1793 1790 1783 1780 1783 1788 1790 1798 1806 1800 1790 1785 1785 1786 1790 1786 1786 1793 1795 1794 1799 1798 1798 1801 1802 1801 1806 1814 1822 1823
1722 1725 1726 1727 1731 1733 1736 1743 1742 1739 1738 1746 1765 1782 1793 1801 1811 1828 1840 1849 1861 1860 1852 1848 1841 1839 1829 1808 1797 1801 1788 1773 1764 1759 1757 1757 1756 1757 1758 1759 1758 1761 1761 1759 1760 1759 1763 1765 1766 1770 1777 1792 1807 1808 1807 1798 1783 1781 1786 1794 1801 1811 1818 1817 1803 1791 1789 1787 1787 1788 1790 1795 1796 1795 1796 1797 1798 1801 1802 1807 1813 1817 1815 1818
1733 1742 1739 1741 1750 1752 1753 1756 1755 1750 1743 1741 1749 1767 1787 1802 1811 1831 1845 1850 1858 1853 1837 1829 1818 1806 1798 1793 1788 1784 1779 1769 1763 1759 1756 1758 1757 1758 1759 1759 1758 1760 1761 1762 1762 1762 1764 1766 1768 1772 1785 1800 1808 1804 1800 1789 1784 1783 1785 1794 1804 1807 1815 1816 1809 1796 1790 1787 1788 1789 1788 1791 1796 1794 1795 1796 1798 1799 1803 1809 1829 1833 1823 1816
1747 1758 1755 1757 1772 1776 1774 1769 1776 1781 1765 1754 1750 1754 1767 1777 1793 1811 1824 1825 1832 1841 1838 1827 1817 1800 1791 1785 1780 1775 1772 1768 1766 1761 1758 1757 1760 1761 1760 1761 1759 1760 1761 1763 1765 1764 1767 1769 1771 1779 1797 1812 1809 1804 1795 1789 1791 1794 1796 1798 1797 1798 1805 1808 1803 1793 1791 1792 1792 1792 1791 1790 1792 1792 1792 1798 1798 1797 1801 1813 1830 1836 1827 1818
1769 1774 1772 1771 1802 1810 1791 1793 1807 1814 1797 1775 1763 1760 1763 1766 1770 1784 1798 1805 1808 1815 1818 1811 1810 1799 1789 1782 1776 1775 1771 1768 1765 1763 1760 1760 1762 1763 1763 1762 1763 1762 1764 1766 1768 1767 1769 1773 1781 1788 1801 1809 1804 1800 1798 1802 1813 1820 1825 1820 1811 1805 1809 1813 1809 1802 1795 1796 1795 1793 1793 1790 1790 1794 1796 1796 1798 1799 1805 1808 1819 1832 1831 1826
1793 1799 1797 1796 1819 1832 1816 1818 1832 1829 1805 1792 1781 1792 1793 1787 1780 1775 1781 1790 1792 1793 1793 1792 1793 1789 1781 1776 1774 1771 1769 1766 1764 1760 1759 1762 1763 1764 1765 1763 1764 1765 1766 1768 1770 1769 1770 1778 1792 1798 1802 1803 1802 1803 1814 1830 1841 1848 1851 1845 1828 1816 1813 1816 1819 1808 1799 1797 1799 1794 1792 1795 1797 1796 1800 1801 1799 1800 1803 1809 1813 1826 1841 1843
