data/gis/ssrd_dem_90m.txt
ncols         1321
nrows         361
xllcorner     -114.6004165456
yllcorner     38.799583430181
cellsize      0.00083333333333333
NODATA_value  -9999
[rows 114 to 151 of 361, columns 756 to 839 of 1321]
1553 1553 1552 1554 1552 1551 1551 1551 1553 1550 1551 1551 1551 1550 1550 1550 1550 1550 1550 1550 1550 1548 1548 1549 1548 1548 1548 1548 1549 1549 1547 1546 1547 1547 1546 1546 1547 1547 1546 1544 1544 1544 1545 1543 1544 1544 1544 1545 1544 1545 1544 1542 1543 1544 1542 1543 1542 1541 1542 1542 1540 1540 1542 1541 1541 1542 1541 1540 1539 1539 1539 1540 1539 1538 1538 1538 1538 1539 1540 1540 1539 1538 1538 1537
1552 1552 1552 1552 1553 1552 1552 1552 1552 1552 1551 1552 1552 1551 1551 1550 1550 1550 1549 1550 1550 1550 1549 1549 1549 1549 1548 1548 1548 1548 1548 1548 1548 1548 1548 1547 1547 1547 1546 1545 1545 1545 1545 1546 1544 1543 1543 1545 1544 1544 1544 1544 1543 1544 1544 1542 1542 1542 1543 1542 1540 1539 1539 1540 1540 1541 1541 1542 1540 1540 1539 1540 1540 1539 1538 1540 1539 1539 1538 1539 1539 1540 1538 1538
1553 1553 1554 1553 1554 1553 1552 1551 1551 1550 1551 1551 1552 1551 1552 1552 1552 1551 1549 1549 1551 1548 1549 1549 1550 1550 1549 1547 1547 1549 1549 1549 1547 1549 1548 1548 1546 1546 1546 1545 1545 1546 1546 1547 1544 1544 1545 1547 1545 1543 1543 1545 1545 1545 1545 1542 1541 1542 1543 1542 1542 1543 1541 1541 1541 1541 1541 1541 1541 1541 1540 1540 1540 1540 1538 1539 1538 1537 1536 1537 1538 1538 1537 1538
1555 1553 1553 1554 1554 1553 1551 1553 1554 1552 1551 1552 1552 1551 1551 1551 1551 1551 1550 1551 1551 1550 1550 1551 1551 1549 1549 1548 1548 1549 1548 1549 1548 1547 1546 1547 1547 1547 1546 1545 1545 1545 1544 1545 1547 1546 1546 1546 1544 1543 1543 1543 1544 1543 1543 1543 1543 1543 1542 1543 1542 1541 1541 1542 1541 1540 1539 1541 1540 1540 1539 1539 1540 1540 1540 1539 1540 1540 1539 1539 1538 1537 1538 1539
1553 1553 1554 1555 1554 1553 1554 1552 1552 1552 1550 1550 1550 1552 1553 1551 1550 1550 1551 1551 1551 1550 1550 1551 1549 1548 1549 1549 1550 1549 1547 1548 1549 1548 1548 1548 1546 1545 1546 1547 1547 1546 1546 1546 1547 1545 1545 1544 1545 1544 1543 1543 1545 1543 1542 1543 1542 1541 1541 1541 1541 1540 1540 1540 1541 1542 1541 1540 1540 1539 1538 1540 1539 1539 1540 1539 1539 1537 1538 1538 1536 1536 1537 1537
1553 1553 1554 1555 1554 1553 1552 1553 1552 1555 1555 1553 1551 1552 1552 1551 1552 1551 1552 1551 1550 1549 1551 1551 1549 1549 1549 1550 1550 1550 1548 1549 1549 1547 1548 1549 1547 1545 1546 1547 1546 1546 1545 1545 1545 1544 1545 1544 1544 1543 1543 1544 1542 1543 1544 1544 1544 1542 1542 1541 1542 1542 1542 1542 1541 1541 1541 1539 1539 1540 1539 1540 1539 1541 1540 1540 1539 1539 1539 1537 1538 1539 1538 1538
1552 1553 1555 1554 1551 1554 1556 1555 1552 1554 1554 1553 1550 1550 1551 1552 1552 1553 1551 1551 1550 1550 1550 1548 1549 1550 1550 1549 1549 1549 1549 1550 1551 1549 1547 1547 1548 1548 1547 1546 1547 1548 1547 1547 1545 1545 1546 1543 1543 1542 1542 1544 1543 1544 1542 1542 1541 1542 1542 1543 1543 1544 1543 1542 1542 1540 1540 1538 1540 1540 1540 1540 1540 1540 1539 1539 1539 1538 1536 1539 1538 1536 1537 1538
1554 1553 1555 1554 1553 1553 1555 1554 1554 1553 1553 1554 1554 1554 1554 1554 1552 1551 1552 1551 1551 1552 1550 1549 1550 1551 1551 1550 1548 1549 1550 1550 1550 1550 1547 1548 1548 1547 1546 1546 1546 1546 1545 1546 1546 1546 1545 1544 1544 1543 1544 1545 1544 1543 1543 1542 1542 1542 1541 1542 1543 1541 1541 1541 1541 1540 1539 1539 1538 1540 1540 1539 1540 1541 1540 1540 1538 1539 1540 1540 1538 1537 1539 1538
1555 1556 1556 1556 1554 1553 1554 1555 1554 1554 1553 1553 1554 1555 1555 1555 1553 1551 1550 1552 1551 1552 1551 1549 1550 1551 1551 1550 1551 1549 1550 1550 1549 1548 1546 1548 1548 1547 1546 1547 1547 1546 1546 1546 1545 1547 1545 1545 1544 1544 1546 1544 1544 1542 1542 1542 1542 1542 1542 1542 1542 1543 1543 1541 1542 1542 1542 1542 1540 1540 1539 1539 1539 1539 1539 1540 1540 1541 1540 1540 1538 1537 1537 1539
1555 1556 1556 1556 1555 1554 1555 1557 1555 1554 1554 1554 1553 1552 1553 1554 1553 1553 1551 1552 1553 1551 1552 1553 1551 1553 1552 1549 1550 1551 1550 1550 1549 1549 1549 1550 1548 1548 1546 1547 1547 1546 1547 1545 1546 1546 1545 1545 1545 1545 1545 1543 1545 1543 1542 1543 1542 1542 1542 1541 1541 1542 1541 1540 1542 1542 1542 1541 1541 1541 1540 1540 1539 1539 1539 1540 1540 1539 1539 1540 1538 1539 1539 1538
1555 1555 1556 1557 1557 1556 1556 1555 1554 1554 1553 1554 1554 1553 1552 1552 1552 1552 1552 1551 1552 1553 1551 1551 1552 1552 1550 1550 1551 1551 1551 1549 1550 1549 1548 1549 1548 1547 1547 1547 1546 1546 1547 1548 1546 1546 1546 1546 1545 1546 1545 1546 1546 1543 1542 1543 1542 1544 1542 1543 1543 1542 1541 1542 1541 1541 1542 1541 1540 1541 1540 1540 1540 1539 1540 1540 1540 1539 1540 1541 1539 1540 1539 1539
1556 1555 1556 1556 1557 1558 1556 1555 1555 1555 1555 1555 1554 1555 1554 1552 1553 1553 1554 1552 1551 1553 1552 1551 1552 1552 1551 1550 1552 1550 1550 1550 1552 1554 1552 1550 1548 1548 1549 1549 1549 1546 1547 1545 1545 1545 1545 1545 1545 1546 1546 1546 1546 1543 1542 1544 1543 1544 1543 1541 1541 1540 1541 1541 1541 1542 1541 1540 1541 1541 1540 1540 1540 1540 1540 1540 1540 1538 1538 1539 1540 1541 1539 1539
1558 1556 1557 1556 1556 1557 1557 1556 1556 1556 1556 1553 1553 1554 1552 1554 1554 1554 1555 1554 1552 1552 1553 1551 1551 1553 1552 1552 1553 1553 1554 1556 1556 1557 1556 1554 1553 1551 1551 1550 1553 1551 1546 1547 1546 1547 1546 1546 1546 1546 1545 1545 1544 1543 1543 1544 1543 1542 1543 1541 1541 1540 1542 1542 1542 1543 1542 1542 1542 1542 1541 1542 1540 1540 1540 1540 1540 1538 1538 1539 1538 1539 1539 1539
1559 1558 1555 1556 1556 1555 1557 1556 1556 1557 1555 1554 1555 1553 1553 1555 1553 1553 1553 1554 1554 1553 1554 1553 1553 1553 1552 1554 1554 1556 1556 1556 1556 1555 1556 1557 1556 1555 1554 1551 1551 1553 1553 1551 1548 1548 1547 1546 1546 1545 1546 1545 1544 1543 1543 1544 1544 1542 1543 1543 1542 1541 1542 1542 1544 1543 1543 1543 1542 1542 1541 1540 1541 1541 1541 1541 1541 1540 1538 1539 1539 1538 1539 1540
1557 1556 1555 1556 1557 1557 1557 1557 1556 1556 1557 1556 1554 1554 1554 1554 1553 1554 1554 1554 1555 1553 1552 1553 1554 1554 1555 1557 1555 1556 1556 1557 1555 1556 1556 1557 1556 1555 1554 1553 1552 1552 1553 1553 1551 1551 1548 1548 1547 1548 1547 1547 1547 1545 1545 1546 1544 1543 1544 1544 1542 1542 1542 1542 1542 1542 1542 1543 1543 1543 1542 1542 1541 1541 1541 1541 1541 1540 1539 1539 1540 1540 1540 1539
1558 1558 1555 1556 1556 1556 1555 1556 1557 1556 1555 1555 1554 1554 1554 1554 1554 1556 1555 1554 1554 1554 1555 1556 1557 1555 1556 1558 1557 1557 1557 1558 1557 1558 1558 1556 1555 1556 1555 1551 1552 1554 1553 1552 1552 1550 1550 1552 1551 1550 1549 1549 1549 1549 1546 1545 1547 1546 1544 1542 1543 1544 1545 1544 1543 1543 1542 1541 1542 1542 1542 1541 1541 1541 1540 1540 1541 1541 1541 1540 1539 1539 1541 1540
1559 1558 1558 1556 1556 1556 1555 1555 1555 1555 1555 1555 1555 1555 1554 1553 1554 1556 1556 1556 1557 1556 1556 1557 1559 1558 1558 1557 1556 1556 1557 1558 1558 1556 1558 1556 1556 1556 1555 1552 1552 1553 1553 1551 1552 1551 1550 1551 1552 1553 1552 1550 1549 1548 1545 1544 1546 1548 1546 1544 1544 1544 1546 1547 1546 1544 1544 1543 1543 1544 1543 1542 1542 1542 1541 1542 1542 1542 1541 1541 1540 1541 1541 1541
1558 1559 1559 1557 1557 1556 1557 1556 1556 1555 1557 1556 1556 1556 1555 1554 1555 1556 1556 1556 1557 1557 1559 1559 1559 1559 1559 1557 1558 1558 1557 1558 1559 1558 1556 1555 1555 1554 1554 1553 1554 1555 1554 1552 1552 1551 1552 1551 1553 1552 1553 1552 1549 1548 1547 1546 1547 1547 1548 1546 1546 1545 1549 1547 1547 1546 1548 1546 1546 1546 1545 1542 1543 1543 1543 1543 1542 1542 1542 1541 1541 1541 1541 1541
1558 1558 1559 1558 1558 1558 1558 1556 1555 1556 1556 1555 1556 1556 1555 1555 1556 1559 1560 1559 1558 1558 1559 1559 1557 1557 1559 1559 1559 1560 1560 1559 1559 1559 1558 1558 1558 1557 1557 1555 1555 1555 1555 1555 1554 1553 1554 1552 1553 1554 1553 1551 1551 1551 1552 1548 1551 1549 1548 1548 1549 1546 1548 1550 1549 1549 1548 1545 1546 1545 1545 1544 1544 1545 1544 1544 1543 1544 1543 1543 1542 1541 1543 1544
1558 1558 1558 1559 1559 1557 1558 1556 1555 1556 1556 1557 1556 1557 1557 1559 1558 1560 1560 1560 1560 1559 1561 1562 1562 1560 1559 1560 1561 1561 1561 1562 1561 1560 1560 1559 1560 1559 1558 1558 1558 1557 1556 1556 1556 1555 1555 1556 1554 1556 1557 1555 1554 1554 1554 1551 1551 1551 1551 1552 1552 1550 1550 1550 1550 1549 1548 1547 1548 1548 1547 1548 1546 1545 1543 1544 1544 1546 1545 1543 1543 1542 1544 1543
1558 1556 1557 1558 1560 1559 1558 1555 1557 1557 1556 1557 1558 1559 1559 1561 1561 1562 1562 1561 1561 1562 1563 1565 1563 1563 1563 1563 1563 1563 1563 1563 1562 1561 1561 1562 1563 1563 1560 1559 1559 1558 1558 1558 1558 1558 1558 1556 1556 1556 1555 1555 1555 1554 1555 1551 1552 1555 1552 1551 1550 1552 1549 1550 1552 1552 1550 1548 1549 1549 1549 1548 1546 1545 1545 1545 1546 1546 1546 1546 1546 1545 1545 1543
1559 1558 1558 1559 1560 1559 1557 1557 1556 1558 1558 1559 1560 1560 1562 1563 1563 1564 1564 1563 1564 1564 1565 1565 1564 1564 1564 1565 1565 1566 1567 1567 1564 1565 1564 1563 1563 1563 1563 1562 1561 1561 1561 1561 1559 1560 1561 1559 1558 1558 1556 1556 1557 1557 1555 1553 1554 1555 1553 1553 1555 1554 1552 1554 1553 1554 1554 1552 1549 1550 1550 1547 1546 1547 1546 1546 1548 1546 1547 1547 1547 1547 1546 1547
1559 1560 1559 1560 1559 1558 1559 1558 1559 1559 1561 1562 1562 1562 1565 1565 1564 1565 1566 1566 1567 1567 1568 1568 1567 1568 1568 1567 1567 1568 1569 1568 1566 1566 1566 1565 1565 1567 1564 1566 1565 1564 1564 1565 1564 1562 1561 1560 1561 1560 1561 1559 1559 1559 1557 1556 1556 1555 1555 1555 1556 1554 1554 1554 1555 1555 1555 1551 1551 1553 1552 1548 1549 1550 1548 1547 1548 1547 1549 1550 1548 1549 1548 1549
1559 1559 1560 1560 1558 1558 1559 1561 1563 1562 1563 1564 1566 1564 1566 1567 1567 1567 1568 1568 1569 1568 1568 1570 1569 1571 1570 1570 1570 1570 1571 1570 1569 1568 1568 1567 1568 1570 1568 1567 1567 1566 1565 1566 1565 1565 1566 1565 1565 1564 1563 1561 1560 1560 1560 1557 1557 1557 1557 1557 1557 1555 1554 1554 1555 1555 1555 1554 1555 1554 1553 1553 1554 1554 1552 1552 1552 1550 1550 1549 1549 1549 1551 1551
1559 1559 1558 1560 1559 1561 1561 1562 1564 1565 1566 1566 1568 1569 1569 1568 1568 1570 1571 1571 1571 1571 1572 1572 1573 1574 1571 1571 1571 1572 1572 1572 1573 1570 1570 1570 1570 1571 1570 1569 1569 1570 1568 1569 1568 1568 1570 1568 1567 1564 1564 1564 1564 1564 1563 1560 1560 1561 1561 1560 1558 1558 1556 1556 1557 1557 1555 1556 1557 1557 1555 1558 1558 1555 1554 1554 1553 1552 1554 1554 1554 1553 1554 1550
1560 1561 1561 1561 1561 1563 1564 1564 1565 1567 1570 1568 1569 1570 1570 1570 1571 1571 1573 1574 1573 1572 1573 1575 1574 1573 1574 1575 1574 1573 1574 1573 1573 1571 1573 1573 1573 1573 1573 1573 1572 1573 1573 1572 1571 1571 1571 1570 1568 1567 1565 1566 1568 1566 1566 1564 1564 1566 1563 1562 1561 1559 1559 1559 1559 1557 1556 1556 1557 1556 1558 1559 1556 1557 1557 1556 1553 1554 1555 1557 1557 1557 1557 1556
1560 1562 1563 1562 1565 1565 1567 1566 1568 1568 1571 1569 1572 1573 1572 1573 1574 1574 1574 1575 1575 1575 1576 1578 1577 1577 1578 1577 1578 1577 1578 1576 1575 1575 1575 1576 1575 1576 1576 1575 1576 1574 1573 1573 1572 1574 1574 1573 1573 1571 1570 1571 1569 1568 1567 1566 1566 1566 1566 1564 1564 1562 1561 1560 1559 1559 1559 1558 1558 1555 1555 1556 1557 1557 1557 1558 1557 1556 1556 1557 1558 1556 1556 1557
1561 1564 1565 1565 1567 1567 1568 1569 1569 1571 1572 1572 1574 1575 1575 1575 1576 1577 1578 1579 1577 1580 1580 1580 1579 1579 1580 1580 1580 1580 1581 1579 1580 1579 1578 1579 1578 1578 1578 1577 1578 1578 1576 1576 1577 1576 1577 1575 1574 1574 1574 1573 1570 1571 1570 1568 1568 1569 1569 1567 1566 1565 1564 1565 1563 1563 1562 1561 1560 1558 1556 1557 1558 1560 1559 1558 1559 1556 1557 1557 1558 1557 1556 1558
1565 1565 1566 1567 1569 1570 1571 1571 1571 1574 1573 1574 1577 1578 1577 1577 1577 1578 1580 1580 1580 1580 1582 1582 1582 1581 1582 1581 1582 1582 1582 1582 1582 1582 1583 1583 1580 1582 1581 1580 1579 1579 1579 1579 1580 1579 1579 1578 1576 1577 1576 1575 1574 1574 1572 1571 1571 1570 1571 1568 1567 1567 1566 1564 1563 1563 1564 1564 1563 1560 1559 1560 1561 1563 1561 1561 1559 1559 1559 1559 1560 1561 1561 1560
1566 1567 1568 1569 1570 1570 1572 1573 1575 1576 1577 1578 1579 1579 1580 1580 1581 1581 1583 1584 1583 1584 1585 1585 1585 1582 1583 1584 1584 1584 1584 1584 1584 1587 1585 1586 1583 1584 1584 1583 1583 1583 1583 1582 1582 1582 1583 1581 1579 1581 1578 1578 1576 1577 1577 1576 1574 1573 1573 1570 1572 1570 1568 1568 1568 1567 1566 1566 1565 1565 1563 1561 1562 1563 1562 1561 1562 1560 1561 1559 1560 1560 1562 1562
1568 1570 1571 1570 1573 1573 1575 1576 1577 1578 1579 1580 1582 1582 1584 1584 1583 1585 1586 1587 1587 1586 1588 1588 1587 1586 1587 1587 1588 1588 1586 1587 1588 1586 1586 1587 1587 1587 1587 1586 1587 1586 1585 1584 1585 1585 1585 1583 1583 1583 1580 1580 1579 1579 1580 1578 1575 1573 1573 1573 1573 1572 1572 1570 1570 1569 1568 1568 1567 1566 1566 1565 1565 1565 1562 1563 1564 1562 1563 1563 1562 1561 1563 1564
1570 1572 1573 1573 1577 1577 1578 1578 1579 1581 1581 1583 1584 1585 1584 1585 1585 1587 1587 1588 1589 1588 1589 1589 1591 1591 1591 1591 1591 1592 1591 1590 1591 1591 1590 1589 1590 1590 1591 1590 1588 1590 1588 1588 1588 1586 1587 1587 1586 1585 1584 1583 1582 1583 1582 1579 1578 1576 1578 1577 1576 1575 1575 1574 1574 1573 1572 1571 1570 1570 1569 1566 1568 1567 1566 1564 1565 1565 1565 1565 1564 1565 1566 1566
1573 1574 1574 1576 1579 1579 1580 1580 1581 1582 1582 1586 1587 1589 1589 1589 1589 1589 1590 1590 1591 1589 1592 1593 1592 1593 1594 1593 1593 1595 1594 1593 1593 1593 1593 1592 1593 1594 1593 1592 1594 1592 1592 1592 1592 1590 1590 1590 1589 1587 1585 1586 1586 1585 1583 1582 1581 1580 1581 1580 1579 1578 1577 1576 1574 1573 1574 1574 1573 1570 1572 1571 1569 1570 1568 1567 1567 1568 1566 1566 1566 1569 1571 1571
1576 1577 1577 1577 1580 1584 1584 1584 1585 1586 1586 1588 1589 1590 1590 1591 1592 1591 1592 1594 1593 1594 1595 1595 1596 1596 1595 1594 1596 1597 1596 1596 1596 1595 1595 1595 1595 1596 1596 1598 1596 1595 1596 1594 1594 1594 1593 1594 1594 1591 1588 1589 1588 1587 1586 1585 1586 1584 1583 1582 1582 1582 1582 1580 1580 1578 1577 1576 1574 1575 1575 1572 1571 1572 1570 1570 1570 1570 1568 1569 1570 1571 1573 1574
1576 1579 1580 1582 1584 1584 1585 1586 1586 1588 1589 1592 1593 1594 1594 1594 1596 1594 1596 1597 1596 1596 1598 1597 1599 1599 1599 1601 1599 1599 1598 1597 1598 1599 1599 1599 1598 1598 1600 1600 1600 1600 1600 1598 1598 1597 1596 1596 1595 1592 1592 1592 1591 1590 1589 1590 1590 1587 1588 1586 1585 1585 1585 1584 1582 1581 1579 1579 1578 1578 1577 1577 1575 1574 1573 1573 1573 1572 1571 1574 1575 1575 1576 1577
1579 1581 1583 1584 1586 1588 1590 1588 1589 1592 1592 1594 1594 1596 1597 1596 1597 1597 1597 1597 1598 1600 1601 1601 1603 1603 1603 1603 1602 1601 1602 1602 1603 1601 1601 1602 1602 1601 1603 1602 1602 1604 1603 1601 1601 1601 1599 1598 1596 1599 1598 1595 1594 1592 1592 1593 1592 1592 1590 1590 1590 1589 1587 1585 1584 1583 1584 1582 1580 1580 1580 1579 1578 1575 1576 1574 1575 1576 1577 1578 1579 1578 1579 1582
1582 1582 1585 1586 1589 1590 1593 1592 1592 1594 1597 1597 1597 1598 1600 1599 1599 1601 1602 1603 1602 1601 1602 1603 1604 1604 1606 1606 1605 1605 1606 1606 1604 1603 1604 1605 1605 1604 1605 1606 1606 1606 1605 1605 1604 1605 1602 1601 1601 1602 1600 1597 1596 1595 1596 1596 1596 1595 1594 1593 1593 1592 1590 1588 1588 1588 1587 1586 1584 1584 1582 1581 1581 1579 1579 1576 1577 1579 1581 1582 1583 1582 1584 1586
1583 1585 1587 1588 1591 1594 1594 1596 1597 1599 1598 1600 1600 1601 1601 1601 1603 1604 1605 1607 1605 1604 1605 1607 1605 1607 1607 1608 1609 1608 1609 1609 1608 1608 1607 1608 1609 1608 1608 1610 1610 1609 1608 1608 1607 1606 1607 1605 1605 1605 1602 1601 1600 1600 1599 1598 1598 1598 1597 1597 1596 1595 1593 1592 1590 1589 1589 1589 1588 1587 1584 1583 1583 1582 1582 1580 1580 1581 1583 1585 1587 1587 1589 1591
